Ativo	Data	Últ. R$	Var.Dia%	Var.Mes%	Var.Ano%	Var.12M%				
BTOW3	12h17	37.25689317	5.98	-15.63	-23.2	36.74	-3.586612523	0		0.789555436
MGLU3	12h17	179.7115579	4.21	-3.01	3.02	77.65	-1.906065884			-1.890828655
FLRY3	12h17	22.00874208	3.32	-2.41	6.69	-10.96	-4.797295121			-0.766671192
VVAR3	12h17	7.771227427	3.05	7.07	0	-26.83	1.074738606			4.939656528
IRBR3	12h17	102.1958662	2.83	8.7	25.48	121.51	-4.735871715			-4.701382844
CVCB3	12h17	35.73353929	2.83	-13.59	-19.79	4.06	-4.245793338			-2.424869319
MRVE3	12h17	22.19530385	2.76	17.92	38.43	54.67	1.775910475			1.170950285
BBDC3	12h17	41.47188646	2.73	0.96	11.17	44.71	0.682885814			4.952109697
PCAR4	12h17	98.89070756	2.72	-10.84	7.13	19.01	0.705717194			0.325110748
LREN3	12h17	29.5010587	2.69	0.19	11.67	58.64	-1.241824245			3.585251994
SANB11	12h17	53.16033771	2.54	-0.56	8.34	39.83	-0.099238637			1.296914355
RADL3	12h17	56.23614797	2.54	-2.53	18.23	10.24	3.896618648			-4.168916531
BBDC4	12h17	23.16722161	2.53	0.19	10.9	50.18	3.815486981			-0.61754742
B3SA3	12h17	35.45709812	2.51	3.28	33.48	78.99	-3.64679662			-0.906822693
ITUB4	12h17	39.24110907	2.38	0.37	0.58	26.96	1.930434849			3.940461061
ITSA4	12h17	11.73408468	2.33	-0.5	4.12	26.01	-2.627828524			1.17563115
AZUL4	12h17	39.61116885	2.3	9.68	3.58	38.11	1.005638373			4.706441249
BBAS3	12h17	46.52166626	2.25	4.87	13.65	94.84	-3.809908386			-4.353252469
LAME4	12h17	9.973849162	2.22	-0.57	-20.35	-9.46	2.676988159			-2.996111974
WEGE3	12h17	29.9442531	2.19	0.59	7.3	7.71	4.299179015			2.689021631
BRML3	12h17	7.532629188	2.14	1.42	-4.05	26.38	1.835111085			-0.115242072
TAEE11	12h17	17.7953864	2.02	-0.44	10.73	55.35	4.88268095			-2.822117805
IGTA3	12h17	42.33820452	2.02	1.89	-4.38	26	1.094562907			0.535045788
ENBR3	12h17	22.01329758	1.98	8.91	36.45	52.02	1.240820766			0.102026367
SBSP3	12h17	48.51446031	1.83	-9	35.78	66.61	0.529579454			2.746381747
CSAN3	12h17	52.22288319	1.75	-0.02	40.05	25.03	1.852109985			-4.970120205
SMLS3	12h17	46.06516222	1.68	-5.16	14.01	-10.08	-4.225829966			-3.611914849
EGIE3	12h17	46.50465681	1.62	-4.04	29.3	57.5	3.771899534			-0.162993163
GOLL4	12h17	27.10537168	1.53	13.65	3.15	95.4	2.496954753			2.97539333
RAIL3	12h17	10.62803337	1.42	2.54	9.18	37.28	2.162297171			1.380082263
BRKM5	12h17	44.45547711	1.36	-12.39	-11.65	-8.6	4.842923612			0.148681871
ABEV3	12h17	8.167297821	1.34	-5.52	13.46	-9.1	0.240190846			-4.106447767
MULT3	12h17	16.35449756	1.3	-2.09	-3.03	24.52	1.15711225			2.134626171
BRDT3	12h17	18.46662846	1.26	-1.31	-0.07	58.89	4.987923478			-4.542117952
HYPE3	12h17	44.72873128	1.23	8.12	1.55	16.62	4.754324847			1.21222516
GOAU4	12h17	10.00435207	1.08	3.05	1.68	8.39	-0.602633621			-4.405231032
VALE3	12h17	55.83012418	1.08	1.26	-0.53	2.2	3.275065328			4.193445151
PETR4	12h17	25.4165126	1.07	-1.88	17.29	63.64	3.360925716			1.536690524
BBSE3	12h17	21.6954699	1.06	4.74	9.88	22.42	0.895173206			4.64774752
ELET3	12h17	40.03877805	1.05	3.18	39.25	141	3.847267711			-3.640252492
KLBN11	12h17	20.7930623	0.97	-5.15	-0.75	-20.32	4.076429164			1.270901521
GGBR4	12h17	14.46680011	0.94	-0.91	-4.75	-3.35	-2.221085621			3.184501285
BRAP4	12h17	27.10036516	0.87	0.11	2.87	2.67	-1.363664895			-0.368283005
VIVT4	12h17	49.35427082	0.81	1.96	6.99	18.97	2.795045146			-0.140139957
NATU3	12h17	64.75352952	0.8	18.38	38.18	85.61	-2.753811087			-2.287597011
RENT3	12h17	32.18544222	0.78	3.65	26.49	58.67	-4.406420159			-2.717707012
CCRO3	12h17	3.639679833	0.76	16.17	21.26	39.28	4.543443395			-0.111396387
CMIG4	12h17	9.925709995	0.73	-3.3	2.84	97.66	1.398849921			-4.791007543
USIM5	12h17	3.19801403	0.73	-3.94	-8.67	0.84	-0.666199887			2.249785602
BRFS3	12h17	32.52396135	0.7	2.16	44.64	44.18	-4.157533334			0.959970064
EQTL3	12h17	79.52801628	0.7	1.74	12.03	40.45	-0.500236802			2.743053083
PETR3	12h17	47.00167106	0.63	-3.2	14.25	47.8	-2.942217608			-4.022950193
ELET6	12h17	44.16751509	0.61	0.78	23.96	113.58	-4.481825246			-3.782131516
JBSS3	12h17	25.4962488	0.58	14.53	95.36	139.35	-3.174055281			-4.846641629
SUZB3	12h17	28.86768194	0.49	-15.1	-8.2	-22.31	2.496304177			-2.398799846
EMBR3	12h17	2.257702553	0.43	-3.77	-12.82	-15.28	2.589064283			4.10530014
CYRE3	12h17	12.00009191	0.42	-5.23	8.92	52.01	2.5246093			-1.914651809
CIEL3	12h17	3.222789587	0.41	-5.21	-15.7	-51.7	0.421048663			1.878032535
ESTC3	12h17	41.74049206	0.34	8.35	26.9	31.05	0.098322715			-2.897478353
TIMP3	12h17	10.22654252	0.28	-8.13	-8.18	-14.82	4.66426533			-0.867662127
QUAL3	12h17	17.35933011	0.2	13.78	51.82	9.91	0.425911778			4.590268635
UGPA3	12h17	8.802017988	0.2	-6.24	-24.99	-14.27	-1.558923248			-1.40098665
KROT3	12h17	14.32785706	0.2	3.22	13.73	-4.43	-1.548377139			3.888981729
MRFG3	12h17	5.874697351	0	-3.28	29.67	-12.27	-3.810399994			0.885624636
ECOR3	12h17	11.55589507	-0.55	11.34	-3.73	25.79	-4.486615192			2.721446386
CSNA3	12h17	6.697644109	-1.87	28.87	111.97	154.94	0.442649812			3.484481641
