Ativo	Data	Últ. R$	Var.Dia%	Var.Mes%	Var.Ano%	Var.12M%				
BTOW3	12h17	34.94029107	5.98	-15.63	-23.2	36.74	4.929127414	0		0.789555436
MGLU3	12h17	182.5835759	4.21	-3.01	3.02	77.65	3.071726925			-1.890828655
FLRY3	12h17	20.80451029	3.32	-2.41	6.69	-10.96	3.149507483			-0.766671192
VVAR3	12h17	4.97648908	3.05	7.07	0	-26.83	4.403917438			4.939656528
IRBR3	12h17	101.3841356	2.83	8.7	25.48	121.51	4.659401563			-4.701382844
CVCB3	12h17	45.6443972	2.83	-13.59	-19.79	4.06	-3.895053898			-2.424869319
MRVE3	12h17	15.05507477	2.76	17.92	38.43	54.67	-4.955031647			1.170950285
BBDC3	12h17	36.06082778	2.73	0.96	11.17	44.71	-2.306406287			4.952109697
PCAR4	12h17	84.86164521	2.72	-10.84	7.13	19.01	1.733523287			0.325110748
LREN3	12h17	44.02419883	2.69	0.19	11.67	58.64	4.432779514			3.585251994
SANB11	12h17	48.33568744	2.54	-0.56	8.34	39.83	3.557731977			1.296914355
RADL3	12h17	64.92830416	2.54	-2.53	18.23	10.24	-1.810309			-4.168916531
BBDC4	12h17	34.81255011	2.53	0.19	10.9	50.18	-4.510030708			-0.61754742
B3SA3	12h17	33.73471723	2.51	3.28	33.48	78.99	-3.412080412			-0.906822693
ITUB4	12h17	33.88457197	2.38	0.37	0.58	26.96	-1.657970134			3.940461061
ITSA4	12h17	11.3152318	2.33	-0.5	4.12	26.01	-4.366930939			1.17563115
AZUL4	12h17	41.51775051	2.3	9.68	3.58	38.11	4.874144549			4.706441249
BBAS3	12h17	51.71418635	2.25	4.87	13.65	94.84	2.29504673			-4.353252469
LAME4	12h17	12.76385472	2.22	-0.57	-20.35	-9.46	-1.888219663			-2.996111974
WEGE3	12h17	14.54178766	2.19	0.59	7.3	7.71	-0.079077678			2.689021631
BRML3	12h17	16.20483773	2.14	1.42	-4.05	26.38	3.004240093			-0.115242072
TAEE11	12h17	24.09158467	2.02	-0.44	10.73	55.35	4.585286296			-2.822117805
IGTA3	12h17	35.6719016	2.02	1.89	-4.38	26	-1.826331636			0.535045788
ENBR3	12h17	20.60715536	1.98	8.91	36.45	52.02	-2.134764324			0.102026367
SBSP3	12h17	43.73296829	1.83	-9	35.78	66.61	4.287099484			2.746381747
CSAN3	12h17	45.47132267	1.75	-0.02	40.05	25.03	3.206872199			-4.970120205
SMLS3	12h17	50.46683819	1.68	-5.16	14.01	-10.08	0.289330384			-3.611914849
EGIE3	12h17	45.86295934	1.62	-4.04	29.3	57.5	-4.674228504			-0.162993163
GOLL4	12h17	28.86901563	1.53	13.65	3.15	95.4	4.132132008			2.97539333
RAIL3	12h17	15.03486267	1.42	2.54	9.18	37.28	3.947233865			1.380082263
BRKM5	12h17	39.40598127	1.36	-12.39	-11.65	-8.6	3.343636495			0.148681871
ABEV3	12h17	15.16838839	1.34	-5.52	13.46	-9.1	1.762016925			-4.106447767
MULT3	12h17	26.70437924	1.3	-2.09	-3.03	24.52	4.445999039			2.134626171
BRDT3	12h17	25.39940712	1.26	-1.31	-0.07	58.89	0.195084449			-4.542117952
HYPE3	12h17	25.93544194	1.23	8.12	1.55	16.62	3.218990569			1.21222516
GOAU4	12h17	3.314666142	1.08	3.05	1.68	8.39	4.290798759			-4.405231032
VALE3	12h17	48.84415591	1.08	1.26	-0.53	2.2	-0.165227652			4.193445151
PETR4	12h17	30.43669221	1.07	-1.88	17.29	63.64	4.094787346			1.536690524
BBSE3	12h17	26.12727641	1.06	4.74	9.88	22.42	4.388770399			4.64774752
ELET3	12h17	35.60038172	1.05	3.18	39.25	141	0.123270087			-3.640252492
KLBN11	12h17	14.72435388	0.97	-5.15	-0.75	-20.32	-3.827777701			1.270901521
GGBR4	12h17	14.69089895	0.94	-0.91	-4.75	-3.35	-1.710378731			3.184501285
BRAP4	12h17	32.58411254	0.87	0.11	2.87	2.67	-3.978685035			-0.368283005
VIVT4	12h17	50.40829858	0.81	1.96	6.99	18.97	3.667039507			-0.140139957
NATU3	12h17	62.93277068	0.8	18.38	38.18	85.61	-4.702200146			-2.287597011
RENT3	12h17	34.13467908	0.78	3.65	26.49	58.67	-4.736597851			-2.717707012
CCRO3	12h17	11.35820982	0.76	16.17	21.26	39.28	-2.727106995			-0.111396387
CMIG4	12h17	10.15910608	0.73	-3.3	2.84	97.66	0.313062967			-4.791007543
USIM5	12h17	5.811550872	0.73	-3.94	-8.67	0.84	3.130748769			2.249785602
BRFS3	12h17	32.37292526	0.7	2.16	44.64	44.18	-1.337216914			0.959970064
EQTL3	12h17	78.20588615	0.7	1.74	12.03	40.45	-1.360281823			2.743053083
PETR3	12h17	33.72528548	0.63	-3.2	14.25	47.8	2.049351042			-4.022950193
ELET6	12h17	37.04085593	0.61	0.78	23.96	113.58	4.615210624			-3.782131516
JBSS3	12h17	20.14951981	0.58	14.53	95.36	139.35	0.572758389			-4.846641629
SUZB3	12h17	31.71859581	0.49	-15.1	-8.2	-22.31	3.90444732			-2.398799846
EMBR3	12h17	17.59281588	0.43	-3.77	-12.82	-15.28	-1.173856704			4.10530014
CYRE3	12h17	16.24021386	0.42	-5.23	8.92	52.01	-1.528225874			-1.914651809
CIEL3	12h17	7.647476602	0.41	-5.21	-15.7	-51.7	4.678466947			1.878032535
ESTC3	12h17	33.58850792	0.34	8.35	26.9	31.05	1.701229494			-2.897478353
TIMP3	12h17	8.773920799	0.28	-8.13	-8.18	-14.82	1.630599163			-0.867662127
QUAL3	12h17	16.40337719	0.2	13.78	51.82	9.91	-0.995421578			4.590268635
UGPA3	12h17	22.50895843	0.2	-6.24	-24.99	-14.27	-3.609241934			-1.40098665
KROT3	12h17	13.60017235	0.2	3.22	13.73	-4.43	-4.602083421			3.888981729
MRFG3	12h17	5.534351422	0	-3.28	29.67	-12.27	-0.204279884			0.885624636
ECOR3	12h17	12.88637549	-0.55	11.34	-3.73	25.79	3.069750519			2.721446386
CSNA3	12h17	17.59393194	-1.87	28.87	111.97	154.94	3.560083853			3.484481641
